340 11111

30; 32; 38. 90, 35. 91,11; Caesari. 1. Augustus 62, 6. 69
36. 106, 30. 121,16. 129,10. 24; 30. 82, 23. 286, 30; 331
lulla Augusti neptis 66, 12; 171 38. 287, 1. 296, 38. 298, 11. g
1367, 12. 71, 11; 23. Tiberius 100,12. 110,’23. 136,

111111 66, 28. 67,16. (163, 12.) 26. 253, 4. 266,13. Caligula
0. 611111 Augusti 1111114915. 133, 2. 151, 23. claudius 147,
51. 23. 58, 34. 63, 30. 66, 5. Nem 215, 27. 268, 31. 290,
11-36, 68, 24. 79,1. 92, 5; 17. 299, 35. Galba 204, 28.
18131ς3893,1;33.97,12. 211, 10, Vitellius 218, 28.
172, 5. 264, 31. Vespasianus 227, 19. 231, 34. ,
L. 011111 Augusti nepus 49, 15. 81111111 Gabinianus 272, 20.
ummummmfflmwmmmmul
11—36. 92, 5. 93, 33. 97, 12. lulius Marullus 73, 32. 79, 13.
115, 26. 264, 31. [1111111111111112652730624. i
mmmmmmmummmm 1
11111158, 7. lulius Vindex 190, 26. 191,18.
lulla Tiberii naplis 163, 12. 192, 1. 193, 24. 194, 2. 203,
6.(’11111 (Gaius, Caligula) 108, 23, 204, 24. 206, 27.
28. 113,1. 117, 6; 32. 118,6. 11111 33, 25.
119-146. 151, 6; 12; 23; 29. Iunilius 304, 36.
152,4; 32. 153, 11. 157,13. Iunius Gracchanus 281, 5.
162, 2. 166, 24. 172, 261 32. D. Silanus 7, 23,
173, 14.183,12. 202, 3; 11; Iunius Nunnius 1111111161, 37.
15; 17. 211, 20. 216,11. 217, 62, 1.
l. 223, 6. 225, 28. 227, 22. Iunius Saturninus 49, 30. ⁴
mm nmmmmm 1
Gaiana 1111236, 6. Μ.811111111123,21.129,24;30. i
Caligulae sorores 121, 22. 125, lunia 6111111111, Μ. Silani 1123, l
mmwwmmmn 1
133, 3. 135, 33. 137, 20. 146, Appius Silanus 140, 29. 163,11.
7. 290, 21. v. Agrippina, Dru· 165, 36. 166, 1; 4. ,
11111. L. Silanus, Appii 1. 149, 29. 160, ,
1111111111111, Caligulae soror 121, 9. 162, 23; 29. 163, 143 16.
22. 163, 12. 1111161111111, Appii l. 235, 11. “
Iulia Drusilla, Caligulae 11111130, Iunius Rusticus 247, 22.
⁴ 38. 138, 28, 146, 13. 11111243, 37. l
Ιι1111Τ111 fllia 237, 7; 19. 249, 1111111134, 1. 69, 27. 80, 28;
4. 252, 10. 253, 22. 35. 144,18.141,10;33.111, ἓ
Caesares 152. 26. 19912. 205, 24. 203, 28. 204, 38. 243, 1
7. 238, 38. 36. 1153130111. Optimus 1

Caesarum 111111 199, 17. domus Maximus 32, 21. 47, 25. 80, l
199, 211. imagines 124, 33. 6;19.222,7.228,8.6111111111- 1
129, 9. memorianctempla146‚ nus 35, 28. 49, 20. 52, 5. 78, l
22. poteslas 93. 12. progenies 12. 80, 22. 108, 25. 128, 37.
Qu mmmmmm,

111111 011111168, 35. 246, 9. casius 179, 37. Cu· ’

 

