1131111311 1331113133. 339

Internum 111313 394, 33. G. 933131 39, 21. 53,1. 89,
Invictus 94, 23. · 32. 88, 9. 171, 4. 294, 31.
1333111111 228, 4. 295, 29. Caesar 49, 37. 41,9.
[sam 272, 31. 42, 1; 34. 4321. 34,18. 39,

Isauria 281, 28. 24. 98, 393 31. 89, 37. 81, 1

Isauricus v. Servilius. 11. 88,13. 188, 27. 293, 29.
Isidis 331113 214, 24. 298,.28. 299, 13. lulius 933·
13133113 241, 23. 3111299, 12. Divus 9113311181,
131331339111111113199,14. 39911113131111138, 19. 43,
13191333299. 128, 8. 177, 27 29. 43, 19 32, 13. 81, 3. 84,

189,4. 34.139,33.139,18.137,19.
13193131813. 218,19.228,19.299,13.
1131111 13, 11. 17, 29. 19, 7. 23, episndae 12, 29. 3111913313113111

29. 3928. 32,24.33,29. 23,13.1111[1111111131·33 23,14.

43, 8 44, 37. 45, 4. 99,9; adservatum 23, 19. orationes

12. 93, 3. 87, 2.99, 13 94, 24, 9. divinatio 31 actiones 111

14. 192, 7 129, 9133, 39. 031331131111111393113114,19. 23,

519,29.199,39.184,19.221, 34.24,8.ρνο13111111111321,37.

15. 229, 9 237, 29 243, 9 proQ Metello 24,11. in 9.

247, 24. 271, 29. Μ31313131329,29.3ο1111’3113111111111
113133 res 298, 9. 1119113324, 17. 27,29,Α1111’33-
Italici 239, 39. 292, 8. tirones 1311339113 23, 3; 8. 113 ana-

177, 31. 13313 libri duo 29, 4; 9. rerum
Iuba 13, 28. 29, 7. 27, 19. 29, 11. suarum 3313133313ήί Gallici 31-
111113 filius 131, 7. 1111133113 belli Pompeiani 24, 21
11111333 79, 1. 192, 33. 299, 9. -25,4.113η11131113 23,9; 8.

229, 32, 228, 1, 239, 9; 17. 33191333329431411119331131-
Iudaeus 72, 22. Iudaei 39, 3. 311113,113933111110311111111,111313

191, 38. 191, 9. 229, 34. 229, collectanea 23, 29.

31. 287, 21. Caesarianus a 11111. nex 171, 18.
Iudaicus a um. exercitus 221, 23. partes 289, 18.

228, 33. 913113 248, 32. ritus 11111113 a 11111. basilica 13914.

191,39.11111111111111124214.1113 299,14. 1311314929131111-

248, 34. 113148, 23. lex 331939,

1333111139, 38. 23, 185, 27. mensis 31, 9.
Iulii 5, 9. 28913131111343 38.
(1333311131111289, 13. 13113111 milites 39, 17.
Iulius 9113331 primus 289, 21. 9333311311 22, 33. 23, 3. 43, 21.
G. lulius Caesar primus 146, 25. Iulia dictatoris 11113 3. 12. 19,22.
(1.9333313131111133149,24. 12,19; 21. 22, 13. 33, 13.
9131113111934, 3. 3111119313 81, 24.

8111111324, 7. 11. Caesar 1313111339, 22; 23.
Iulia dictatoris 31111111 3, 3; 9. Iulia Augusta 129, 4. v. 111111
131139131391111 soror 39, 3. 39, Drusilla.

21. 49, 39. Iulia Augusti f. 49, 9. 93, 39;
9. Iulius 933331 (113131313-37. 38. 99, 8-97, 11. 71, 23. 89,

22*

 

