1011111111 1101110111. 347

1111111111280, 9. 301,25. Μ Petreius 16, 4 30, 16.
Paphia 1111111237, 15. 91111111 217, 17.
Papia Poppaea lex 157, 10. 159, Petroniauns v Vitellius
25.174,14.91111111111123,19.
911111112617. 9611111111225,11. ’
Ρ1111 Troianus 247, 26. Phaon 194, 35. 195, 11128. ·
Paris histrio 197, 20. ’ Pharmacum 4, 21.
Paris pantomimus242, 38. 246, 37 Pharnaces 16, 22.
Parrasii tabula 194, 33. Pharsalicus a um. acies 14, 25.
1111111111111111137,4. 26, 35. 30, 19. 171, 19. 224,
Ρανι111111111,181. 111ο111111116,12.
91111111111111111111251, 21, 33. Pharus140,l4. 111111111111157,
Ρ1111111ο111296,18.306,6; 7. 31911111111111117, 19
91111111 220, 26. phasianae 128, 34.
Parthi 20,10. 32, 27. 41, 7. 47, Philemon servus 29, 38
85824 90,20.94,5. 103, 9111111111181,3593, 14.
28. 106, 24. 114, 6. 121, 1. Philippensise. sores 78 5. bel·
124, 30. 127, 21. 161, 9. 194, lum 41, 21. 42, 30. 47, 16.
17. 19813 8. 216,3. 235, 51,10 88, 33. 207,,7
12.242,19.283,2·4. 9111111111111111145, 15.
Parthus 190, 8. 229, 6. 393, 27. 9111111111 209, 3.
Parthina gens 46, 6 philosophi 247, 24.
9111111265, 1. 9111111167,2; 3
’ 91111111175,14.199,25.9111111169,24.
91111111161111111111111200,9. 11111111111111128, 33. 145, 13.
Passienus 01111111 lilius 172, 37. phonascus 75, 19.
290, 10. Phyllis 252, 8.
Patavium 93, 16. 300, 19. Picenum 15, 35
Patavinus61,37. 289, 37. 300, 18. Ι.. Pinarius 3,5 6
patricii 18, 22. 38,15; 17. 41, Pinarius 501
33. 86,5; 10. 209, 28. 215, 10. Pisaurum 295, 8.
91111511111111111111208, 25. Piso v. Calpurnius.
Paulusv. Aemilius. ,1111111111 30, 36.
Q Pedius 35, 6. 911194, 23. 128, 12.
Pedia lex 171,19; 200,14. Placentia 28, 35. 213, 11. 28919.
Pelasgi 281, 26. Plancius 289, 10.
Peligni 208, 38. 91111111.Μ111111111.
Pellaea nomina 303, 28. Ρ111111 Ciuitate III,9 p. 39814.
Peloponnesus 45, 6. 134, 35. in Legibus XII, 13
Penatium deorum compluvium 78, 11. 96811. 276, 31. in Phaedro
24. simulacra 185, 9. 5911. 2746. 276, 18. Platonis
Ρ1111111111111299,5. commentatores 276, 22.
9111111143, 13; 23. 81, 38. 88, 18. Plautius 111111 46, 3.
Perusinus a um. bellom 41, 21. Servius Plautino 301, 28.
1111114321. Plautia Urgulanilla 161, 28; 30.
Pescennius Ioccua 258, 26. 162, 12.

 

