330 rnunx

0111111111 71, 0. 82, 32. 01, 13. Cascae 111134,10; 20.
1035113. 110, 21. 124, 22. 01111111111111170, 37.

1111111111. 15113. 222, 0111111111. porus 111, 11. ’

23. 235, 15. 230, 221 27. 11111305, 0.

300, 37. ’ Cassiope 170, 37.
Campanus a nm. 1 11 10, 1. 30, C. Cassius 33, 10. 30, 4. 41, 231

25. pugiles 120, 54. 1118014, 27. 111, 33. 171, 10. 180, 27.
campus v. Martius. 20013. 213, 20. 203,18.
Canace 170, 7. L. Cassius 20, 30. fortasse idem
Caninius Rebilus 31, 17. 176, 20. 11 superior. ¹
111111. c. Cynicus 231, 38. Cassius Scaeva 28, 231 24.

Tib. Cannutius 270, 23. 01111111Ρ11111111111111111 episima i

011110014025. 74,12. 203, 8. 30, 20. ς
Cantabricus 1 um. bellum 40,18. 0111111 Palavinus 01, 37. 02, 2. 3

75,27.111110111101,10. 00,17. 011111101111ωθ3,35.125,20. u

01111111111111205, 14. 215, 17. 200, 7. 200, 20.
Capita bubula 30, 30. Cassius 0111111114, 27. 145,
capicianum. 7, 35. 80,10; 8; 20; 33.
34. 120, 4. 104, l. 222, 0, Cassius quidum 144, 30. 145, 0.
230, 21. 233, 15. 241,22. 244, Cassius Longinus 130, l. 145, 7.
15;17. 240, 18. 250, 27. 253, Cassius Longinus iuria consultus
38. Beneventanum. Capuae 108, 20.
103, 13. 144, 38. 011111111111110,25.05,27.128,24.
Capitolinus 1 um. arca 120, 5. 1101111111213,11.
134, 20. certamen 240, 11. Castricius 04, 0. · Ἴ
ludi 270, 20. v. luppiter, Catilina 7, 18. 8,17; 21; 22.
Venus. 30, 0. 70, 32.

Cappadocia 110,14. 230, 10. 0111(111111111)204,0. 201,21. i

205, 34. 1101111170, 15.

Cappadox 102, 30, Μ. Cato (Uticensis) 7, 28. 0, 0. , Ἰ

› Capreae 71, 10. 78, 25. 82, 33. 10, 8. 14, 20. 23,12.43,4. j
83, 0; 13. 103,15. 111, 3. 70, 20. ,
112, 20. 110, 38. 117, 10.Ι carthusianam
123, 2. 210, 34. 0111111111111, 10.
0111111111 secessus 104, 13. Catullus v· Valerlus·
’0111111111 104, 24. Q. 01111110111111111117,35. 80,
capricornus sidus 81, 21. 18; 27. 100, 22. 200, 20.
0111133,18; 23. 10313. 144, 38. 258, 20.
Capys 33, 23124. 01111111 domus 201, 33.
Caranus 303, 28. 0111111 100, 15.
11101111111111305, 24. Cauchius 100, 10.
Carinae 03, 30. 204, 3. Celadus 08, 10.
Carmeli 111111111111228,1. 1111111105, 14. ’
01111111112, 10; 11. 1111115010. 05, 30.
0111111202,2;0. 0111120321. centumviri 55, 8. 231, 0. 245,
Carthaginiensis 201, 30. 10. 271, 21. 20014.

 

