350 “³ , mann

139, 27. 142, 17. 147, 13. 8010110110 194, 36. 231, 19.
244, 32. Salassi 46, 27.
111110111521. 00110100111011011110164,14.
Rhodanus ll, 26. 00111111010111111111615201,η
Rhodus4, 181 31. 91, 16. 92, 27. 262, 71 12114. 264, 5. 3
10; 17· 32 93, 20. 106, 26. 300, 15 303, 23. 0010105262. 1
110,00.100,1.030,13. 7. 0010112005. 1
11110011100231 109, 21. 161, 1. Sallustius Lucullus 247, 20. l
173, 24. Luculleas lanceas 247, 21.
Rhodis classis 159, 9. Salvidienus 1101110 67, 251 27.
1111001010ἰο hospes 112, 25. Salvidienus 0111100 188, 24.
Robigo 279, 21. Salvidienus 0111100 247, 8.
Romae 01 Augusti templum 62, 11. 8011110 26, 12.
Romanus 0 nur. civis 203, 15. 8010110 augurium 52, 24.
dux 292, 8. 10101070, 34. gaus Salvia Titiseuia 69, 15.
161, 2. imperator 226, 33. liu· M. Sslvius Otho imperaturis 0100
gua 303, 26. rerum breviarium 209, 11. l
262, 8. 1..801110001110 imperaturis pater
Romulus 40, 28. 81, 26. 86, 8. 201, 38. 20915. 210, 31 6. 1
110, 27. 130, 26. 279, 111 191 L. Salvius 01110 Titianus impera· 1
27. 10110 110101 209, 31. 21335.
Roscius Amerinus 289, 7 801110110110101011000101 209, 32.
Rubico 15, 11. 33, 30. 213, 38.
Rubria 182, 22. Μ. 8011100 01110 imperatur 201,
ausinianae. 38. 207, t;27;38. 208,19. ,
11116110 69, 15. 209·-214. 218, 30. 219, 31 71
Rufinus 31, 24. 25. 227,9. 22818138- 247,15. t
Rufius Crispinus 187, 32. 8011100000001000071110111124115.
11000100 Caepio 246, 22. 80111110 Liberalis 231, 33.
1101111110 Rulus 259, 36. 01011000 Samniticum bellum 215, 13. t
0000000100101111177, 27. 8010110411, 1. 40, 23. 92, 19. t
128, 6. 23613. l
8001100110100100302, 12.
0001101072, 23. 100, 26. Santra 263, 37. 293, 28 deci· j
8011101 86 6. 215, 9. 225, 51 10. rumusculus 287, 35.
240, 36. 300, 15. Sardi 24, 7.
Sabina lingua 861880010οο Sardinia 66, 32. 259, 32. ζ
εαζίἑςίηεὲ92879ὲέ3. ξο1100103163,22ξο22484, 23, 28. ’
um . 011100 umen ‚
Sabratensis 225, 34. 00110100 tibias 280, 21.. ,
Sacraria 20, 34. 33, 14. via 80101000 291, 17.
80010 222, 37. 80101100 251, 34.
80000101001011152,25127. 158, L. Saturninus 7, 7. t
2. 216, 20. 243, 25. 80111010110,23. Saturni 001100
Saepta 08,4; 29. 94. 28. 126, 51, 29. 211, 23. aerarium ’
33. 128, 3. 15822. 175, 28. 160. 7.

 

